0.00000000  4014.72021484  8029.44042969  12044.16015625  16058.88085938  20073.59960938  18661.43750000  17413.72460938  
3014.97607422  7029.69628906  11044.41699219  15059.13671875  19073.85546875  17661.69335938  16413.98046875  16646.32812500  
5526.14404297  9540.86425781  13555.58398438  17570.30468750  16158.14062500  15074.88085938  18925.14843750  19157.49609375  
8541.12011719  12555.83984375  16570.56054688  15158.39648438  14075.13671875  17925.40429688  18157.75195312  19047.90429688  
10800.38378906  14815.10351562  13567.39257812  17417.66210938  16169.94921875  16402.29687500  19101.40820312  19333.75585938  
13815.35937500  12567.64843750  16417.91796875  15170.20507812  15402.55175781  18101.66406250  18334.01171875  16592.94726562  
11064.09667969  14914.36523438  13831.10449219  17681.37304688  17913.71875000  18639.41992188  17556.15820312  18939.66406250  
13914.62109375  12831.36035156  16681.62890625  16913.97460938  17639.67578125  16556.41406250  17939.91992188  18172.26562500  
13581.16796875  14800.22070312  16348.17578125  17073.87500000  17306.22265625  17703.02148438  17606.46484375  19318.87304688  
13800.47656250  15348.43164062  16074.13281250  16306.47949219  16703.27734375  16606.72070312  19305.83593750  19044.82812500  
16311.64453125  15886.18750000  17927.49609375  16021.98046875  16747.67968750  18788.98828125  17705.72851562  18102.52539062  
14886.44335938  16927.75195312  15022.23632812  15747.93554688  17789.24218750  17692.69140625  18747.29296875  18486.28515625  
15172.29687500  15240.19140625  17281.50000000  18007.19921875  19226.25390625  16991.83593750  16730.82812500  18278.78320312  
14240.44824219  16281.75585938  17007.45703125  18226.50781250  16978.79687500  17375.59570312  17279.03906250  19813.69921875  
16587.16406250  16326.15820312  18367.46679688  16626.40234375  17845.45507812  16268.83984375  19625.75781250  18871.39843750  
15326.41406250  17367.72265625  15626.65820312  17832.41796875  16913.60742188  18626.01367188  19351.71289062  18104.00195312  

