0.00000000  4014.72000000  8029.44000000  12044.16000000  16058.88000000  20073.60000000  18661.43700000  17413.72500000
3014.97600000  7029.69600000  11044.41600000  15059.13600000  19073.85600000  17661.69300000  16413.98100000  16646.32800000
5526.14400000  9540.86400000  13555.58400000  17570.30400000  16158.14100000  15074.88000000  18925.14900000  19157.49600000
8541.12000000  12555.84000000  16570.56000000  15158.39700000  14075.13600000  17925.40500000  18157.75200000  19047.90300000
10800.38400000  14815.10400000  13567.39200000  17417.66100000  16169.94900000  16402.29600000  19101.40800000  19333.75500000
13815.36000000  12567.64800000  16417.91700000  15170.20500000  15402.55200000  18101.66400000  18334.01100000  16592.94600000
11064.09600000  14914.36500000  13831.10400000  17681.37300000  17913.72000000  18639.42000000  17556.15900000  18939.66300000
13914.62100000  12831.36000000  16681.62900000  16913.97600000  17639.67600000  16556.41500000  17939.91900000  18172.26600000
13581.16800000  14800.22100000  16348.17600000  17073.87600000  17306.22300000  17703.02100000  17606.46600000  19318.87200000
13800.47700000  15348.43200000  16074.13200000  16306.47900000  16703.27700000  16606.72200000  19305.83400000  19044.82800000
16311.64500000  15886.18800000  17927.49600000  16021.98000000  16747.68000000  18788.98800000  17705.72700000  18102.52500000
14886.44400000  16927.75200000  15022.23600000  15747.93600000  17789.24400000  17692.68900000  18747.29100000  18486.28500000
15172.29600000  15240.19200000  17281.50000000  18007.20000000  19226.25300000  16991.83500000  16730.82900000  18278.78400000
14240.44800000  16281.75600000  17007.45600000  18226.50900000  16978.79700000  17375.59500000  17279.04000000  19813.70100000
16587.16500000  16326.15900000  18367.46700000  16626.40200000  17845.45500000  16268.84100000  19625.75700000  18871.39800000
15326.41500000  17367.72300000  15626.65800000  17832.41700000  16913.60700000  18626.01300000  19351.71300000  18104.00100000

